概率列表:  
[1.14822163e-05 1.88000370e-05 9.30898675e-04 7.50000000e-01
 1.54761905e-01 5.20833333e-03 4.46808511e-01 8.54136297e-06
 3.06192436e-06 1.46972369e-04 1.18102797e-06 1.99469889e-05
 6.19047619e-01 3.86904762e-02 9.92063492e-04 1.14822163e-05
 1.88000370e-05 9.30898675e-04 7.50000000e-01 1.54761905e-01
 5.20833333e-03 4.46808511e-01 8.54136297e-06 3.06192436e-06
 1.46972369e-04 1.18102797e-06 1.99469889e-05 6.19047619e-01
 3.86904762e-02 9.92063492e-04 1.14822163e-05 1.88000370e-05
 9.30898675e-04 7.50000000e-01 1.54761905e-01 5.20833333e-03
 4.46808511e-01 8.54136297e-06 3.06192436e-06 1.46972369e-04
 1.18102797e-06 1.99469889e-05 6.19047619e-01 3.86904762e-02
 9.92063492e-04 1.14822163e-05 1.88000370e-05 9.30898675e-04
 7.50000000e-01 1.54761905e-01 5.20833333e-03 4.46808511e-01
 8.54136297e-06 3.06192436e-06 1.46972369e-04 1.18102797e-06
 1.99469889e-05 6.19047619e-01 3.86904762e-02 9.92063492e-04
 1.14822163e-05 1.88000370e-05 9.30898675e-04 7.50000000e-01
 1.54761905e-01 5.20833333e-03 4.46808511e-01 8.54136297e-06
 3.06192436e-06 1.46972369e-04 1.18102797e-06 1.99469889e-05
 6.19047619e-01 3.86904762e-02 9.92063492e-04 1.14822163e-05
 1.88000370e-05 9.30898675e-04 7.50000000e-01 1.54761905e-01
 5.20833333e-03 4.46808511e-01 8.54136297e-06 3.06192436e-06
 1.46972369e-04 1.18102797e-06 1.99469889e-05 6.19047619e-01
 3.86904762e-02 9.92063492e-04 1.14822163e-05 1.88000370e-05
 9.30898675e-04 7.50000000e-01 1.54761905e-01 5.20833333e-03
 4.46808511e-01 8.54136297e-06 3.06192436e-06 1.46972369e-04
 1.18102797e-06 1.99469889e-05 6.19047619e-01 3.86904762e-02
 9.92063492e-04 1.14822163e-05 1.88000370e-05 9.30898675e-04
 7.50000000e-01 1.54761905e-01 5.20833333e-03 4.46808511e-01
 8.54136297e-06 3.06192436e-06 1.46972369e-04 1.18102797e-06
 1.99469889e-05 6.19047619e-01 3.86904762e-02 9.92063492e-04
 1.14822163e-05 1.88000370e-05 9.30898675e-04 7.50000000e-01
 1.54761905e-01 5.20833333e-03 4.46808511e-01 8.54136297e-06
 3.06192436e-06 1.46972369e-04 1.18102797e-06 1.99469889e-05
 6.19047619e-01 3.86904762e-02 9.92063492e-04 1.14822163e-05
 1.88000370e-05 9.30898675e-04 7.50000000e-01 1.54761905e-01
 5.20833333e-03 4.46808511e-01 8.54136297e-06 3.06192436e-06
 1.46972369e-04 1.18102797e-06 1.99469889e-05 6.19047619e-01
 3.86904762e-02 9.92063492e-04 1.25000000e-01 4.35186042e-08
 3.57142857e-02 6.07385811e-05 2.14285714e-01 2.55102041e-02
 3.77928949e-04 5.55555556e-02 5.55555556e-02 1.46972369e-04
 7.44047619e-04 4.96031746e-03 9.25925926e-04 6.42736308e-07
 5.00000000e-01 1.25000000e-01 4.35186042e-08 3.57142857e-02
 6.07385811e-05 2.14285714e-01 2.55102041e-02 3.77928949e-04
 5.55555556e-02 5.55555556e-02 1.46972369e-04 7.44047619e-04
 4.96031746e-03 9.25925926e-04 6.42736308e-07 5.00000000e-01
 1.25000000e-01 4.35186042e-08 3.57142857e-02 6.07385811e-05
 2.14285714e-01 2.55102041e-02 3.77928949e-04 5.55555556e-02
 5.55555556e-02 1.46972369e-04 7.44047619e-04 4.96031746e-03
 9.25925926e-04 6.42736308e-07 5.00000000e-01 1.25000000e-01
 4.35186042e-08 3.57142857e-02 6.07385811e-05 2.14285714e-01
 2.55102041e-02 3.77928949e-04 5.55555556e-02 5.55555556e-02
 1.46972369e-04 7.44047619e-04 4.96031746e-03 9.25925926e-04
 6.42736308e-07 5.00000000e-01 1.25000000e-01 4.35186042e-08
 3.57142857e-02 6.07385811e-05 2.14285714e-01 2.55102041e-02
 3.77928949e-04 5.55555556e-02 5.55555556e-02 1.46972369e-04
 7.44047619e-04 4.96031746e-03 9.25925926e-04 6.42736308e-07
 5.00000000e-01 1.25000000e-01 4.35186042e-08 3.57142857e-02
 6.07385811e-05 2.14285714e-01 2.55102041e-02 3.77928949e-04
 5.55555556e-02 5.55555556e-02 1.46972369e-04 7.44047619e-04
 4.96031746e-03 9.25925926e-04 6.42736308e-07 5.00000000e-01
 1.25000000e-01 4.35186042e-08 3.57142857e-02 6.07385811e-05
 2.14285714e-01 2.55102041e-02 3.77928949e-04 5.55555556e-02
 5.55555556e-02 1.46972369e-04 7.44047619e-04 4.96031746e-03
 9.25925926e-04 6.42736308e-07 5.00000000e-01 1.25000000e-01
 4.35186042e-08 3.57142857e-02 6.07385811e-05 2.14285714e-01
 2.55102041e-02 3.77928949e-04 5.55555556e-02 5.55555556e-02
 1.46972369e-04 7.44047619e-04 4.96031746e-03 9.25925926e-04
 6.42736308e-07 5.00000000e-01 1.25000000e-01 4.35186042e-08
 3.57142857e-02 6.07385811e-05 2.14285714e-01 2.55102041e-02
 3.77928949e-04 5.55555556e-02 5.55555556e-02 1.46972369e-04
 7.44047619e-04 4.96031746e-03 9.25925926e-04 6.42736308e-07
 5.00000000e-01 1.25000000e-01 4.35186042e-08 3.57142857e-02
 6.07385811e-05 2.14285714e-01 2.55102041e-02 3.77928949e-04
 5.55555556e-02 5.55555556e-02 1.46972369e-04 7.44047619e-04
 4.96031746e-03 9.25925926e-04 6.42736308e-07 5.00000000e-01]
句子群的平均概率： 0.10118292414727804
参加机器学习国际会议，从中学到很多算法和思想。  possibility is 0.
